r0,r1,r2,E
1.550771506000,0.966666666700,0.966666666700,-75.984318342411
2.078460969100,1.200000000000,1.200000000000,-75.903146477523
1.202081528000,0.850000000000,0.850000000000,-75.938122406324
1.697056274800,1.200000000000,1.200000000000,-75.907143548610
1.783956277500,1.200000000000,0.850000000000,-75.928100236953
1.438985410700,1.161111111100,0.850000000000,-75.931596960795
1.844086123600,1.083333333300,1.083333333300,-75.955521560268
1.561743644100,1.161111111100,1.044444444400,-75.942700241870
1.316678387200,1.005555555600,0.850000000000,-75.953794064390
1.472243186400,0.850000000000,0.850000000000,-75.959263644877
1.882597595800,1.200000000000,1.200000000000,-75.910768587573
1.589338921800,1.083333333300,0.850000000000,-75.957368701876
1.712883322500,1.044444444400,1.005555555600,-75.974475288837
1.978284891300,1.200000000000,1.083333333300,-75.928015699300
1.810124467500,1.200000000000,1.005555555600,-75.943939143544
1.422070304400,1.005555555600,1.005555555600,-75.968988099834
1.681329816700,1.161111111100,0.927777777800,-75.954943631295
1.333506630400,0.850000000000,0.850000000000,-75.954592960366
1.600181725600,1.044444444400,1.044444444400,-75.969137150036
1.422316951400,0.966666666700,0.888888888900,-75.975989186786
1.548976934900,1.200000000000,0.850000000000,-75.929056054508
1.662765066500,1.200000000000,1.083333333300,-75.931542564754
1.312075916200,0.927777777800,0.927777777800,-75.968831622153
1.426317887400,1.083333333300,0.927777777800,-75.960301063816
1.778012137300,1.122222222200,0.927777777800,-75.959593963922
1.536847389700,1.122222222200,0.927777777800,-75.959703943452
1.504817367200,1.083333333300,1.044444444400,-75.956548855377
1.674315780600,0.966666666700,0.966666666700,-75.982627176380
1.258281210600,0.927777777800,0.850000000000,-75.953534774706
1.517953287200,0.927777777800,0.888888888900,-75.980435427146
1.488594361000,1.083333333300,0.850000000000,-75.954415735758
1.376993504400,1.083333333300,0.850000000000,-75.945218126493
